.5 12.971
.51 13.044
.52 13.116
.53 13.188
.54 13.259
.55 13.330
.56 13.400
.57 13.469
.58 13.538
.59 13.607
.60 13.675
.61 13.742
.62 13.810
.63 13.876
.64 13.943
.65 14.008
.66 14.074
.67 14.139
.68 14.203
.69 14.267
.70 14.331
.71 14.394
.72 14.457
.73 14.519
.74 14.581
.75 14.643
.76 14.704
.77 14.765
.78 14.826
.79 14.886
.80 14.946
.81 15.005
.82 15.065
.83 15.123
.84 15.182
.85 15.240
.86 15.298
.87 15.356
.88 15.413
.89 15.470
.90 15.526
.91 15.583
.92 15.638
.93 15.694
.94 15.750
.95 15.805
.96 15.860
.97 15.914
.98 15.968
.99 16.022
1.00 16.076
