$route
polord=3
$nonstd
6//66;
$data
-0.15 12.971
-0.14 13.044
-0.13 13.116
-0.12 13.188
-0.11 13.259
-0.1 13.330
-0.09 13.400
-0.08 13.469
-0.07 13.538
-0.06 13.607
-0.05 13.675
-0.04 13.742
-0.03 13.810
-0.02 13.876
-0.01 13.943
0.0 14.008
0.01 14.074
0.02 14.139
0.03 14.203
0.04 14.267
0.05 14.331
0.06 14.394
0.07 14.457
0.08 14.519
0.09 14.581
0.1 14.643
0.11 14.704
0.12 14.765
0.13 14.826
0.14 14.886
0.15 14.946
0.16 15.005
0.17 15.065
0.18 15.123
0.19 15.182
0.2 15.240
0.21 15.298
0.22 15.356
0.23 15.413
0.24 15.470
0.25 15.526
0.26 15.583
0.27 15.638
0.28 15.694
0.29 15.750
0.3 15.805
0.31 15.860
0.32 15.914
0.33 15.968
0.34 16.022
0.35 16.076
$end
