      0.10000000E-03     -0.80000000E-03      0.70710662E+00
      0.20000000E-03     -0.12000000E-02      0.70710663E+00
      0.30000000E-03     -0.16000000E-02      0.70710666E+00
      0.40000000E-03     -0.20000000E-02      0.70710669E+00
      0.50000000E-03     -0.24000000E-02      0.70710673E+00
      0.60000000E-03     -0.28000000E-02      0.70710677E+00
      0.70000000E-03     -0.32000000E-02      0.70710683E+00
      0.80000000E-03     -0.36000000E-02      0.70710689E+00
      0.90000000E-03     -0.40000000E-02      0.70710696E+00
      0.10000000E-02     -0.44000000E-02      0.70710703E+00
      0.11000000E-02     -0.48000000E-02      0.70710711E+00
      0.12000000E-02     -0.52000000E-02      0.70710720E+00
      0.13000000E-02     -0.56000000E-02      0.70710729E+00
      0.14000000E-02     -0.60000000E-02      0.70710740E+00
      0.15000000E-02     -0.64000000E-02      0.70710751E+00
      0.16000000E-02     -0.68000000E-02      0.70710762E+00
      0.17000000E-02     -0.72000000E-02      0.70710775E+00
      0.18000000E-02     -0.76000000E-02      0.70710788E+00
      0.19000000E-02     -0.80000000E-02      0.70710802E+00
      0.20000000E-02     -0.84000000E-02      0.70710816E+00
      0.21000000E-02     -0.88000000E-02      0.70710831E+00
      0.22000000E-02     -0.92000000E-02      0.70710847E+00
      0.23000000E-02     -0.96000000E-02      0.70710864E+00
      0.24000000E-02     -0.10000000E-01      0.70710881E+00
      0.25000000E-02     -0.10400000E-01      0.70710899E+00
      0.26000000E-02     -0.10800000E-01      0.70710918E+00
      0.27000000E-02     -0.11200000E-01      0.70710937E+00
      0.28000000E-02     -0.11600000E-01      0.70710958E+00
      0.29000000E-02     -0.12000000E-01      0.70710978E+00
      0.30000000E-02     -0.12400000E-01      0.70711000E+00
      0.31000000E-02     -0.12800000E-01      0.70711022E+00
      0.32000000E-02     -0.13200000E-01      0.70711045E+00
      0.33000000E-02     -0.13600000E-01      0.70711069E+00
      0.34000000E-02     -0.14000000E-01      0.70711093E+00
      0.35000000E-02     -0.14400000E-01      0.70711118E+00
      0.36000000E-02     -0.14800000E-01      0.70711144E+00
      0.37000000E-02     -0.15200000E-01      0.70711171E+00
      0.38000000E-02     -0.15600000E-01      0.70711198E+00
      0.39000000E-02     -0.16000000E-01      0.70711226E+00
      0.40000000E-02     -0.16400000E-01      0.70711255E+00
      0.41000000E-02     -0.16800000E-01      0.70711284E+00
      0.42000000E-02     -0.17200000E-01      0.70711314E+00
      0.43000000E-02     -0.17600000E-01      0.70711345E+00
      0.44000000E-02     -0.18000000E-01      0.70711376E+00
      0.45000000E-02     -0.18400000E-01      0.70711408E+00
      0.46000000E-02     -0.18800000E-01      0.70711441E+00
      0.47000000E-02     -0.19200000E-01      0.70711475E+00
      0.48000000E-02     -0.19600000E-01      0.70711509E+00
      0.49000000E-02     -0.20000000E-01      0.70711544E+00
