          17
 total points
  2.829601728690553E-002  8.852520108821429E-002  0.166666666666667     
  0.244808132245119       0.305037316046428       0.333333333333333     
  0.361629350620239       0.421858534421548       0.500000000000000     
  0.578141465578452       0.638370649379761       0.666666666666667     
  0.694962683953572       0.755191867754881       0.833333333333333     
  0.911474798911786       0.971703982713094     
 total weights
  4.613767456026106E-002  7.195756353497711E-002  8.126984126984137E-002
  7.195756353497715E-002  4.613767456026108E-002  1.587301587301587E-002
  4.613767456026106E-002  7.195756353497711E-002  8.126984126984137E-002
  7.195756353497715E-002  4.613767456026108E-002  1.587301587301587E-002
  4.613767456026106E-002  7.195756353497712E-002  8.126984126984138E-002
  7.195756353497716E-002  4.613767456026109E-002
 total potential
  -1.00000000000000       -1.00000000000000       -1.00000000000000     
  -1.00000000000000       -1.00000000000000       0.000000000000000E+000
  -1.00000000000000       -1.00000000000000       -1.00000000000000     
  -1.00000000000000       -1.00000000000000       -1.00000000000000     
  -1.00000000000000       -1.00000000000000       -1.00000000000000     
  -1.00000000000000       -1.00000000000000     
 real sector =            1 size =            6
 kinetic energy minus diagonals
   810.997950811063       -275.667802528784        52.2290398146131     
  -21.3321974712150        13.0572599536534       -7.59939572338806     
  -275.667802528784        323.002049188933       -163.770960185387     
   40.9427400463466       -21.3321974712154        11.7986772484625     
   52.2290398146131       -163.770960185387        252.000000000000     
  -163.770960185387        52.2290398146135       -25.4558441227140     
  -21.3321974712150        40.9427400463466       -163.770960185387     
   323.002049188932       -275.667802528785        90.2300417407700     
   13.0572599536534       -21.3321974712154        52.2290398146135     
  -275.667802528785        810.997950811067       -883.149806073281     
  -7.59939572338806        11.7986772484625       -25.4558441227140     
   90.2300417407700       -883.149806073281        1354.50000000000     
 eigenvalues
   10.5930961856742        95.3530943058858        264.984365273427     
   500.055571106225        959.628841624090        2043.88503150469     
 eigenvectors
  6.753422061228705E-002  0.257347220382119       0.479012627214636     
  0.586437837049690       0.512783522053656       0.304798561288518     
  0.198111375258845       0.610353561165832       0.514083210251043     
 -0.153877471115818      -0.456414306134795      -0.303226930436121     
 -0.318986400824308      -0.584523751345746       0.449254775658191     
  0.383140792701000      -0.345723576448581      -0.297368707846356     
  0.295647497779928       0.181133208361503      -0.518163653023492     
  0.675496626715942      -0.227225133738267      -0.321500843643520     
  0.875555402207813      -0.431508610550947       0.184317368558283     
 -9.554132088238303E-002  2.632979705009977E-004  6.404647539939202E-002
 -2.083225503101669E-002  2.374873671460892E-002 -4.437385252965628E-002
  0.142097443423040      -0.597982373172612       0.786929713388652     
 real sector =            2 size =            7
 kinetic energy minus diagonals
   1354.50000000000       -883.149806073282        90.2300417407724     
  -25.4558441227156        11.7986772484636       -7.59939572338890     
   4.49999999999947       -883.149806073282        810.997950811063     
  -275.667802528784        52.2290398146131       -21.3321974712151     
   13.0572599536531       -7.59939572338824        90.2300417407724     
  -275.667802528784        323.002049188933       -163.770960185387     
   40.9427400463466       -21.3321974712150        11.7986772484628     
  -25.4558441227156        52.2290398146131       -163.770960185387     
   252.000000000000       -163.770960185387        52.2290398146129     
  -25.4558441227144        11.7986772484636       -21.3321974712151     
   40.9427400463466       -163.770960185387        323.002049188933     
  -275.667802528784        90.2300417407708       -7.59939572338890     
   13.0572599536531       -21.3321974712150        52.2290398146129     
  -275.667802528784        810.997950811065       -883.149806073281     
   4.49999999999947       -7.59939572338824        11.7986772484628     
  -25.4558441227144        90.2300417407708       -883.149806073281     
   1354.50000000000     
 eigenvalues
  4.298024080759747E-013   40.4736573152978        161.898526946867     
   371.032689973763        569.071658305258        2018.49365271094     
   2068.02981474787     
 eigenvectors
  0.213200716355612       0.363485243998139       0.453938647371470     
  0.482418151324424       0.453938647371461       0.363485243998127     
  0.213200716355604       0.300780429507609       0.487050454694884     
  0.415105995869390      -8.180951471660545E-015 -0.415105995869402     
 -0.487050454694887      -0.300780429507610       0.298242190949977     
  0.408422641937529      -0.104056130680876      -0.683249387497494     
 -0.104056130680868       0.408422641937532       0.298242190949978     
 -0.307025752336069      -0.292607541784639       0.565787958420135     
 -3.884433688745276E-015 -0.565787958420130       0.292607541784640     
  0.307025752336069       0.246345882904983       0.143335273588480     
 -0.519965626221303       0.544801712312590      -0.519965626221307     
  0.143335273588485       0.246345882904985       0.561485815161593     
 -0.420906974368743       8.701148372517062E-002  5.412337245047638E-016
 -8.701148372517362E-002  0.420906974368757      -0.561485815161612     
 -0.552187247279931       0.424881656810113      -0.112906038981872     
  6.028346388765848E-002 -0.112906038981869       0.424881656810099     
 -0.552187247279912     
 real sector =            3 size =            6
 kinetic energy minus diagonals
   1354.50000000000       -883.149806073285        90.2300417407728     
  -25.4558441227156        11.7986772484637       -7.59939572338892     
  -883.149806073285        810.997950811065       -275.667802528784     
   52.2290398146131       -21.3321974712151        13.0572599536531     
   90.2300417407728       -275.667802528784        323.002049188932     
  -163.770960185387        40.9427400463466       -21.3321974712150     
  -25.4558441227156        52.2290398146131       -163.770960185387     
   252.000000000000       -163.770960185387        52.2290398146129     
   11.7986772484637       -21.3321974712151        40.9427400463466     
  -163.770960185387        323.002049188933       -275.667802528784     
  -7.59939572338892        13.0572599536531       -21.3321974712150     
   52.2290398146129       -275.667802528784        810.997950811065     
 eigenvalues
   10.5930961856734        95.3530943058852        264.984365273426     
   500.055571106223        959.628841624091        2043.88503150470     
 eigenvectors
 -0.304798561288524      -0.512783522053663      -0.586437837049687     
 -0.479012627214630      -0.257347220382113      -6.753422061228531E-002
  0.303226930436121       0.456414306134793       0.153877471115805     
 -0.514083210251049      -0.610353561165832      -0.198111375258843     
 -0.297368707846356      -0.345723576448578       0.383140792701010     
  0.449254775658183      -0.584523751345748      -0.318986400824306     
  0.321500843643515       0.227225133738259      -0.675496626715941     
  0.518163653023498      -0.181133208361509      -0.295647497779928     
  6.404647539939093E-002  2.632979704985566E-004 -9.554132088238132E-002
  0.184317368558282      -0.431508610550946       0.875555402207814     
 -0.786929713388653       0.597982373172612      -0.142097443423041     
  4.437385252965681E-002 -2.374873671460952E-002  2.083225503101718E-002
  2.829601728690553E-002  8.852520108821429E-002  0.166666666666667     
  0.244808132245119       0.305037316046428       0.333333333333333     
  0.361629350620239       0.421858534421548       0.500000000000000     
  0.578141465578452       0.638370649379761       0.666666666666667     
  0.694962683953572       0.755191867754881       0.833333333333333     
  0.911474798911786       0.971703982713094     
