 0.100000E-02   -2.791906351         1.932443852         1.932443852        -7.856941446         1.200147390        -3.992053741     
 0.200000E-02   -2.813976560         1.881325844         1.881325844        -7.745860557         1.169232310        -3.983208870     
 0.300000E-02   -2.829052374         1.839760638         1.839760638        -7.654712532         1.146138882        -3.975191255     
 0.400000E-02   -2.840286403         1.804834535         1.804834535        -7.577629791         1.127674317        -3.967960721     
 0.500000E-02   -2.849067720         1.774864494         1.774864494        -7.511128326         1.112331618        -3.961399338     
 0.600000E-02   -2.856146935         1.748759008         1.748759008        -7.452921168         1.099256218        -3.955403152     
 0.700000E-02   -2.861979451         1.725759799         1.725759799        -7.401408776         1.087909728        -3.949889179     
 0.800000E-02   -2.866863453         1.705314321         1.705314321        -7.355420459         1.077928365        -3.944791817     
 0.900000E-02   -2.871005104         1.687005406         1.687005406        -7.314069514         1.069053599        -3.940058703     
 0.100000E-01   -2.874552905         1.670509315         1.670509315        -7.276666067         1.061094532        -3.935647438     
 0.110000E-01   -2.877617301         1.655569235         1.655569235        -7.242661654         1.053905883        -3.931523184     
 0.120000E-01   -2.880282564         1.641977742         1.641977742        -7.211612397         1.047374349        -3.927656913     
 0.130000E-01   -2.882614368         1.629564762         1.629564762        -7.183153648         1.041409756        -3.924024125     
 0.140000E-01   -2.884664798         1.618189045         1.618189045        -7.156981994         1.035939106        -3.920603904     
 0.150000E-01   -2.886475777         1.607731984         1.607731984        -7.132842177         1.030902431        -3.917378208     
 0.160000E-01   -2.888081484         1.598093020         1.598093020        -7.110517367         1.026249842        -3.914331326     
 0.170000E-01   -2.889510090         1.589186172         1.589186172        -7.089821805         1.021939372        -3.911449462     
 0.180000E-01   -2.890785037         1.580937366         1.580937366        -7.070595144         1.017935375        -3.908720412     
 0.190000E-01   -2.891925999         1.573282363         1.573282363        -7.052698031         1.014207307        -3.906133306     
 0.200000E-01   -2.892949611         1.566165108         1.566165108        -7.036008619         1.010728793        -3.903678404     
 0.210000E-01   -2.893870030         1.559536425         1.559536425        -7.020419778         1.007476898        -3.901346928     
 0.220000E-01   -2.894699379         1.553352955         1.553352955        -7.005836842         1.004431554        -3.899130933     
 0.230000E-01   -2.895448093         1.547576295         1.547576295        -6.992175780         1.001575096        -3.897023189     
 0.240000E-01   -2.896125199         1.542172291         1.542172291        -6.979361680        0.9988918982        -3.895017098     
 0.250000E-01   -2.896738540         1.537110450         1.537110450        -6.967327507        0.9963680679        -3.893106608     
 0.260000E-01   -2.897294956         1.532363449         1.532363449        -6.956013056        0.9939912009        -3.891286157     
 0.270000E-01   -2.897800438         1.527906732         1.527906732        -6.945364079        0.9917501765        -3.889550615     
 0.280000E-01   -2.898260249         1.523718155         1.523718155        -6.935331546        0.9896349871        -3.887895236     
 0.290000E-01   -2.898679025         1.519777698         1.519777698        -6.925871017        0.9876365957        -3.886315621     
 0.300000E-01   -2.899060866         1.516067211         1.516067211        -6.916942104        0.9857468154        -3.884807681     
 0.310000E-01   -2.899409403         1.512570200         1.512570200        -6.908508010        0.9839582070        -3.883367610     
 0.320000E-01   -2.899727865         1.509271637         1.509271637        -6.900535131        0.9822639923        -3.881991857     
 0.330000E-01   -2.900019123         1.506157808         1.506157808        -6.892992718        0.9806579786        -3.880677102     
 0.340000E-01   -2.900285743         1.503216164         1.503216164        -6.885852566        0.9791344949        -3.879420237     
 0.350000E-01   -2.900530016         1.500435206         1.500435206        -6.879088764        0.9776883358        -3.878218351     
 0.360000E-01   -2.900753997         1.497804375         1.497804375        -6.872677459        0.9763147129        -3.877068710     
 0.370000E-01   -2.900959529         1.495313957         1.495313957        -6.866596657        0.9750092130        -3.875968742     
 0.380000E-01   -2.901148269         1.492955007         1.492955007        -6.860826043        0.9737677605        -3.874916030     
 0.390000E-01   -2.901321711         1.490719267         1.490719267        -6.855346829        0.9725865851        -3.873908296     
 0.400000E-01   -2.901481198         1.488599108         1.488599108        -6.850141608        0.9714621930        -3.872943391     
 0.410000E-01   -2.901627947         1.486587472         1.486587472        -6.845194234        0.9703913416        -3.872019289     
 0.420000E-01   -2.901763057         1.484677818         1.484677818        -6.840489709        0.9693710168        -3.871134074     
 0.430000E-01   -2.901887521         1.482864075         1.482864075        -6.836014084        0.9683984130        -3.870285934     
 0.440000E-01   -2.902002242         1.481140608         1.481140608        -6.831754374        0.9674709150        -3.869473157     
 0.450000E-01   -2.902108039         1.479502175         1.479502175        -6.827698471        0.9665860823        -3.868694121     
 0.460000E-01   -2.902205655         1.477943895         1.477943895        -6.823835078        0.9657416342        -3.867947289     
 0.470000E-01   -2.902295765         1.476461220         1.476461220        -6.820153642        0.9649354376        -3.867231203     
 0.480000E-01   -2.902378987         1.475049906         1.475049906        -6.816644294        0.9641654944        -3.866544481     
 0.490000E-01   -2.902455880         1.473705993         1.473705993        -6.813297798        0.9634299317        -3.865885812     
 0.500000E-01   -2.902526957         1.472425776         1.472425776        -6.810105502        0.9627269921        -3.865253949     
 0.510000E-01   -2.902592685         1.471205792         1.471205792        -6.807059292        0.9620550245        -3.864647709     
 0.520000E-01   -2.902653490         1.470042795         1.470042795        -6.804151556        0.9614124772        -3.864065967     
 0.530000E-01   -2.902709762         1.468933746         1.468933746        -6.801375144        0.9607978897        -3.863507652     
 0.540000E-01   -2.902761859         1.467875794         1.467875794        -6.798723335        0.9602098870        -3.862971746     
 0.550000E-01   -2.902810108         1.466866265         1.466866265        -6.796189810        0.9596471731        -3.862457281     
 0.560000E-01   -2.902854808         1.465902643         1.465902643        -6.793768619        0.9591085257        -3.861963333     
 0.570000E-01   -2.902896233         1.464982567         1.464982567        -6.791454159        0.9585927912        -3.861489025     
 0.580000E-01   -2.902934637         1.464103816         1.464103816        -6.789241149        0.9580988802        -3.861033517     
 0.590000E-01   -2.902970250         1.463264298         1.463264298        -6.787124609        0.9576257631        -3.860596013     
 0.600000E-01   -2.903003285         1.462462043         1.462462043        -6.785099838        0.9571724660        -3.860175751     
 0.610000E-01   -2.903033937         1.461695197         1.461695197        -6.783162398        0.9567380677        -3.859772005     
 0.620000E-01   -2.903062387         1.460962008         1.460962008        -6.781308098        0.9563216959        -3.859384083     
 0.630000E-01   -2.903088799         1.460260825         1.460260825        -6.779532973        0.9559225243        -3.859011323     
 0.640000E-01   -2.903113326         1.459590090         1.459590090        -6.777833275        0.9555397695        -3.858653095     
 0.650000E-01   -2.903136108         1.458948331         1.458948331        -6.776205458        0.9551726890        -3.858308797     
 0.660000E-01   -2.903157275         1.458334155         1.458334155        -6.774646163        0.9548205779        -3.857977853     
 0.670000E-01   -2.903176946         1.457746248         1.457746248        -6.773152209        0.9544827675        -3.857659713     
 0.680000E-01   -2.903195230         1.457183365         1.457183365        -6.771720582        0.9541586226        -3.857353852     
 0.690000E-01   -2.903212229         1.456644328         1.456644328        -6.770348425        0.9538475396        -3.857059769     
 0.700000E-01   -2.903228038         1.456128022         1.456128022        -6.769033026        0.9535489449        -3.856776982     
 0.710000E-01   -2.903242741         1.455633390         1.455633390        -6.767771814        0.9532622931        -3.856505034     
 0.720000E-01   -2.903256421         1.455159431         1.455159431        -6.766562348        0.9529870654        -3.856243486     
 0.730000E-01   -2.903269149         1.454705196         1.454705196        -6.765402309        0.9527227681        -3.855991917     
 0.740000E-01   -2.903280995         1.454269784         1.454269784        -6.764289494        0.9524689312        -3.855749927     
 0.750000E-01   -2.903292022         1.453852340         1.453852340        -6.763221810        0.9522251070        -3.855517129     
 0.760000E-01   -2.903302289         1.453452055         1.453452055        -6.762197267        0.9519908693        -3.855293158     
 0.770000E-01   -2.903311849         1.453068156         1.453068156        -6.761213973        0.9517658117        -3.855077661     
 0.780000E-01   -2.903320753         1.452699913         1.452699913        -6.760270125        0.9515495469        -3.854870300     
 0.790000E-01   -2.903329047         1.452346630         1.452346630        -6.759364012        0.9513417055        -3.854670752     
 0.800000E-01   -2.903336774         1.452007646         1.452007646        -6.758494000        0.9511419354        -3.854478709     
 0.810000E-01   -2.903343974         1.451682332         1.451682332        -6.757658537        0.9509499004        -3.854293874     
 0.820000E-01   -2.903350684         1.451370090         1.451370090        -6.756856143        0.9507652796        -3.854115963     
 0.830000E-01   -2.903356938         1.451070350         1.451070350        -6.756085406        0.9505877669        -3.853944705     
 0.840000E-01   -2.903362768         1.450782572         1.450782572        -6.755344983        0.9504170699        -3.853779838     
 0.850000E-01   -2.903368204         1.450506239         1.450506239        -6.754633592        0.9502529093        -3.853621114     
 0.860000E-01   -2.903373273         1.450240860         1.450240860        -6.753950011        0.9500950181        -3.853468292     
 0.870000E-01   -2.903378001         1.449985966         1.449985966        -6.753293074        0.9499431413        -3.853321142     
 0.880000E-01   -2.903382410         1.449741111         1.449741111        -6.752661667        0.9497970354        -3.853179446     
 0.890000E-01   -2.903386524         1.449505870         1.449505870        -6.752054730        0.9496564670        -3.853042991     
 0.900000E-01   -2.903390361         1.449279836         1.449279836        -6.751471247        0.9495212135        -3.852911575     
 0.910000E-01   -2.903393942         1.449062624         1.449062624        -6.750910252        0.9493910617        -3.852785004     
 0.920000E-01   -2.903397283         1.448853864         1.448853864        -6.750370819        0.9492658075        -3.852663091     
 0.930000E-01   -2.903400402         1.448653203         1.448653203        -6.749852064        0.9491452559        -3.852545658     
 0.940000E-01   -2.903403313         1.448460305         1.448460305        -6.749353144        0.9490292201        -3.852432533     
 0.950000E-01   -2.903406031         1.448274850         1.448274850        -6.748873251        0.9489175212        -3.852323552     
 0.960000E-01   -2.903408568         1.448096529         1.448096529        -6.748411615        0.9488099882        -3.852218556     
 0.970000E-01   -2.903410937         1.447925052         1.447925052        -6.747967497        0.9487064569        -3.852117394     
 0.980000E-01   -2.903413149         1.447760136         1.447760136        -6.747540191        0.9486067705        -3.852019919     
 0.990000E-01   -2.903415215         1.447601516         1.447601516        -6.747129024        0.9485107785        -3.851925993     
 0.100000E+00   -2.903417144         1.447448935         1.447448935        -6.746733350        0.9484183367        -3.851835481     
 0.101000       -2.903418946         1.447302148         1.447302148        -6.746352550        0.9483293071        -3.851748253     
 0.102000       -2.903420630         1.447160923         1.447160923        -6.745986033        0.9482435571        -3.851664187     
 0.103000       -2.903422203         1.447025035         1.447025035        -6.745633233        0.9481609600        -3.851583163     
 0.104000       -2.903423673         1.446894270         1.446894270        -6.745293608        0.9480813940        -3.851505067     
 0.105000       -2.903425046         1.446768425         1.446768425        -6.744966638        0.9480047424        -3.851429788     
 0.106000       -2.903426329         1.446647302         1.446647302        -6.744651827        0.9479308934        -3.851357223     
 0.107000       -2.903427529         1.446530715         1.446530715        -6.744348698        0.9478597396        -3.851287268     
 0.108000       -2.903428650         1.446418483         1.446418483        -6.744056794        0.9477911780        -3.851219828     
 0.109000       -2.903429698         1.446310436         1.446310436        -6.743775679        0.9477251098        -3.851154808     
 0.110000       -2.903430677         1.446206408         1.446206408        -6.743504933        0.9476614401        -3.851092117     
 0.111000       -2.903431593         1.446106241         1.446106241        -6.743244153        0.9476000781        -3.851031671     
 0.112000       -2.903432449         1.446009785         1.446009785        -6.742992956        0.9475409363        -3.850973386     
 0.113000       -2.903433250         1.445916895         1.445916895        -6.742750971        0.9474839309        -3.850917181     
 0.114000       -2.903433999         1.445827432         1.445827432        -6.742517844        0.9474289814        -3.850862980     
 0.115000       -2.903434699         1.445741263         1.445741263        -6.742293236        0.9473760105        -3.850810709     
 0.116000       -2.903435353         1.445658261         1.445658261        -6.742076819        0.9473249439        -3.850760297     
 0.117000       -2.903435966         1.445578303         1.445578303        -6.741868283        0.9472757103        -3.850711676     
 0.118000       -2.903436538         1.445501273         1.445501273        -6.741667325        0.9472282413        -3.850664780     
 0.119000       -2.903437074         1.445427057         1.445427057        -6.741473659        0.9471824710        -3.850619545     
 0.120000       -2.903437575         1.445355548         1.445355548        -6.741287008        0.9471383363        -3.850575912     
 0.121000       -2.903438044         1.445286643         1.445286643        -6.741107107        0.9470957763        -3.850533821     
 0.122000       -2.903438483         1.445220242         1.445220242        -6.740933700        0.9470547327        -3.850493216     
 0.123000       -2.903438893         1.445156250         1.445156250        -6.740766544        0.9470151495        -3.850454043     
 0.124000       -2.903439277         1.445094576         1.445094576        -6.740605403        0.9469769726        -3.850416250     
 0.125000       -2.903439637         1.445035132         1.445035132        -6.740450052        0.9469401502        -3.850379787     
 0.126000       -2.903439973         1.444977834         1.444977834        -6.740300273        0.9469046326        -3.850344606     
 0.127000       -2.903440288         1.444922600         1.444922600        -6.740155860        0.9468703717        -3.850310660     
 0.128000       -2.903440582         1.444869354         1.444869354        -6.740016612        0.9468373216        -3.850277904     
 0.129000       -2.903440858         1.444818021         1.444818021        -6.739882337        0.9468054378        -3.850246296     
 0.130000       -2.903441116         1.444768528         1.444768528        -6.739752850        0.9467746779        -3.850215794     
 0.131000       -2.903441358         1.444720808         1.444720808        -6.739627975        0.9467450007        -3.850186359     
 0.132000       -2.903441584         1.444674794         1.444674794        -6.739507539        0.9467163669        -3.850157951     
 0.133000       -2.903441796         1.444630423         1.444630423        -6.739391380        0.9466887385        -3.850130534     
 0.134000       -2.903441994         1.444587633         1.444587633        -6.739279340        0.9466620791        -3.850104073     
 0.135000       -2.903442179         1.444546367         1.444546367        -6.739171267        0.9466363536        -3.850078533     
 0.136000       -2.903442353         1.444506568         1.444506568        -6.739067017        0.9466115281        -3.850053881     
 0.137000       -2.903442516         1.444468181         1.444468181        -6.738966448        0.9465875702        -3.850030086     
 0.138000       -2.903442668         1.444431155         1.444431155        -6.738869426        0.9465644485        -3.850007117     
 0.139000       -2.903442811         1.444395439         1.444395439        -6.738775822        0.9465421330        -3.849984944     
 0.140000       -2.903442944         1.444360986         1.444360986        -6.738685510        0.9465205947        -3.849963539     
 0.141000       -2.903443069         1.444327749         1.444327749        -6.738598372        0.9464998056        -3.849942875     
 0.142000       -2.903443187         1.444295683         1.444295683        -6.738514292        0.9464797389        -3.849922926     
 0.143000       -2.903443296         1.444264747         1.444264747        -6.738433159        0.9464603688        -3.849903665     
 0.144000       -2.903443399         1.444234898         1.444234898        -6.738354865        0.9464416703        -3.849885069     
 0.145000       -2.903443495         1.444206098         1.444206098        -6.738279310        0.9464236194        -3.849867115     
 0.146000       -2.903443586         1.444178307         1.444178307        -6.738206393        0.9464061932        -3.849849779     
 0.147000       -2.903443670         1.444151490         1.444151490        -6.738136020        0.9463893693        -3.849833039     
 0.148000       -2.903443749         1.444125612         1.444125612        -6.738068098        0.9463731263        -3.849816875     
 0.149000       -2.903443823         1.444100637         1.444100637        -6.738002541        0.9463574436        -3.849801267     
 0.150000       -2.903443893         1.444076534         1.444076534        -6.737939263        0.9463423013        -3.849786194     
 0.151000       -2.903443958         1.444053272         1.444053272        -6.737878182        0.9463276804        -3.849771638     
 0.152000       -2.903444019         1.444030819         1.444030819        -6.737819220        0.9463135623        -3.849757581     
 0.153000       -2.903444076         1.444009148         1.444009148        -6.737762301        0.9462999293        -3.849744005     
 0.154000       -2.903444129         1.443988229         1.443988229        -6.737707352        0.9462867643        -3.849730894     
 0.155000       -2.903444180         1.443968037         1.443968037        -6.737654304        0.9462740508        -3.849718230     
 0.156000       -2.903444227         1.443948544         1.443948544        -6.737603087        0.9462617729        -3.849705999     
 0.157000       -2.903444271         1.443929726         1.443929726        -6.737553638        0.9462499152        -3.849694186     
 0.158000       -2.903444312         1.443911560         1.443911560        -6.737505894        0.9462384632        -3.849682775     
 0.159000       -2.903444351         1.443894020         1.443894020        -6.737459794        0.9462274024        -3.849671753     
 0.160000       -2.903444387         1.443877087         1.443877087        -6.737415280        0.9462167192        -3.849661106     
 0.161000       -2.903444421         1.443860737         1.443860737        -6.737372295        0.9462064005        -3.849650821     
 0.162000       -2.903444453         1.443844951         1.443844951        -6.737330787        0.9461964334        -3.849640886     
 0.163000       -2.903444482         1.443829707         1.443829707        -6.737290703        0.9461868057        -3.849631288     
 0.164000       -2.903444510         1.443814988         1.443814988        -6.737251992        0.9461775056        -3.849622016     
 0.165000       -2.903444537         1.443800774         1.443800774        -6.737214607        0.9461685216        -3.849613058     
 0.166000       -2.903444561         1.443787048         1.443787048        -6.737178500        0.9461598428        -3.849604404     
 0.167000       -2.903444584         1.443773793         1.443773793        -6.737143628        0.9461514584        -3.849596043     
 0.168000       -2.903444606         1.443760991         1.443760991        -6.737109946        0.9461433585        -3.849587964     
 0.169000       -2.903444626         1.443748627         1.443748627        -6.737077414        0.9461355329        -3.849580159     
 0.170000       -2.903444645         1.443736687         1.443736687        -6.737045990        0.9461279723        -3.849572617     
 0.171000       -2.903444663         1.443725153         1.443725153        -6.737015637        0.9461206675        -3.849565330     
