$route
 m6000=no-kohndt
$end
 
$nonstd
60//0,50;
20//1;
$end
 
$title
Two Electron Optical Potential
$end
$grid
 point-buffer=5000
 grid For CO 
 grid-file-name=cogr
$end
$centers
 no-centers=1
 position-center-1=(0.,0.,0.) charge-center-1=1.0 
 exponent-center-1=1.5 test-exponent-center-1=15.0
$end
$shells
 no-radial-shells=1 radial-boundaries=(0.0,10.0)
 radial-quadrature-orders=(30)
 no-theta-divisions-per-shell=(1)
 no-phi-divisions-per-shell=(1)
$end
$shell-1
 theta-boundaries=(0.,180.)
 phi-boundaries=(0.,360.)
 theta-quadrature-orders=(1) phi-quadrature-orders=(1)
$end

$opt2e
 no-basis-functions-in-optical-potential=20 no-terms-in-optical-potential=20
 spin=singlet charge=1.0
$end

$basis
 l-values=(0,0,0,1,0,1,0,1,2,0,1,2,0,1,2,3,0,1,2,3)
 m-values=(0,1,2,1,3,2,4,3,2,5,4,3,6,5,4,3,7,6,5,4)
 gamma-values=(.6,-.1,.6,-.1,.6,-.1,.6,-.1,.6,-.1,.6,-.1,.6,-.1,.6,-.1,
               .6,-.1,.6,-.1,.6,-.1,.6,-.1,.6,-.1,.6,-.1,.6,-.1,.6,-.1,
               .6,-.1,.6,-.1,.6,-.1,.6,-.1)
 delta-values=(.6,-.1,.6,-.1,.6,-.1,.6,-.1,.6,-.1,.6,-.1,.6,-.1,.6,-.1,
               .6,-.1,.6,-.1,.6,-.1,.6,-.1,.6,-.1,.6,-.1,.6,-.1,.6,-.1,
               .6,-.1,.6,-.1,.6,-.1,.6,-.1)
$end

$term-1
 eigenvalue=(-0.25146959d+00,-0.12754810d-02)
 eigenvector=(0.74185995d+03,-0.25099042d+03,-0.47462644d+03,0.89372351d+02,
              0.72442019d+02,0.27578611d+01,0.67363726d+02,-0.97859251d+01,
             -0.78455439d+01,-0.26262904d+01,-0.17403249d+02,0.81072751d+00,
              0.57972990d+00,0.34437110d+00,0.16592067d+01,0.36681444d+00,
              0.80989526d+00,-0.20369181d+00,-0.26651791d-01,-0.22136633d-01,
             -0.10975843d+00,-0.51245478d-01,-0.10818820d+00,0.19389577d-01,
              0.66175109d-03,0.69865394d-03,0.41740903d-02,0.28888383d-02,
              0.53782264d-02,-0.11202286d-03,0.16614362d-02,-0.76343491d-03,
             -0.64361855d-05 -0.79969033d-05 -0.66242674d-04,-0.62735110d-04,
             -0.12595617d-03,-0.16398325d-04,-0.66156516d-04,0.33100571d-04)
$end
$term-2
 eigenvalue=(-0.21146240d+00,-0.19137309d-01)
 eigenvector=(-0.27775249d+04,0.40435462d+03,0.16518476d+04,0.20491559d+02,
              -0.24374819d+03,-0.64041009d+02,-0.20939345d+03,-0.12441840d+02,
               0.26264953d+02,0.14908386d+02,0.50176615d+02,0.92622476d+01,
              -0.19522307d+01,-0.16340937d+01,-0.47733577d+01,-0.22473815d+01,
              -0.19580079d+01,0.88087481d-01,0.91827055d-01,0.98381830d-01,
               0.32130739d+00,0.23112702d+00,0.24881814d+00,0.73056456d-02,
              -0.23988888d-02,-0.30422210d-02,-0.12563758d-01,-0.11546180d-01,
              -0.12520847d-01,-0.25018845d-02,-0.32071081d-02,0.10685004d-02,
               0.25091853d-04,0.35967647d-04,0.21184708d-03,0.23110270d-03,
               0.28823807d-03,0.82900820d-04,0.12061311d-03,-0.38363607d-04)
$end
$term-3
 eigenvalue=(-0.12383255d+00,-0.47732493d-01)
 eigenvector=(0.41696013d+04,0.11441204d+04,-0.20729328d+04,-0.12331660d+04,
              0.27700442d+03,0.28113392d+03,0.17093445d+03,0.19585500d+03,
             -0.30268017d+02,-0.38838948d+02,-0.23970736d+02,-0.61103389d+02,
              0.23677664d+01,0.34264233d+01,0.25008139d+01,0.66307787d+01,
             -0.10109076d+01,0.28082534d+01,-0.12335980d+00,-0.18968301d+00,
             -0.22156220d+00,-0.45318044d+00,0.19971587d+00,-0.38565456d+00,
              0.36816520d-02,0.57915726d-02,0.11447563d-01,0.18393733d-01,
             -0.57450514d-02,0.12741727d-01,-0.81707395d-02,0.99041795d-02,
             -0.44500187d-04,-0.72197489d-04,-0.24874275d-03,-0.32484916d-03,
              0.31588598d-04,-0.15057626d-03,0.33908076d-03,-0.37228541d-03)
$end
$term-4
 eigenvalue=(-0.86275089d-01,-0.33152698d-01)
 eigenvector=(-0.42445830d+04,0.11420986d+04,0.30478742d+04,-0.46278242d+02,
              -0.49307576d+03,-0.81396796d+02,-0.49493414d+03,-0.11952360d+03,
               0.45731983d+02,0.12313507d+02,0.14385107d+03,0.63015952d+02,
              -0.26818666d+01,-0.85568427d+00,-0.11525545d+02,-0.63109061d+01,
              -0.92730744d+01,-0.60924799d+01,0.10579450d+00,0.29769793d-01,
               0.52293868d+00,0.31413310d+00,0.12557091d+01,0.96534614d+00,
              -0.26554715d-02,-0.48310357d-03,-0.13397170d-01,-0.68176059d-02,
              -0.40161314d-01,-0.35883776d-01,-0.34087686d-01,-0.27076320d-01,
               0.31517073d-04,0.43047301d-05  0.16056078d-03,0.22688861d-04,
               0.46174698d-03,0.50728863d-03,0.13130237d-02,0.10692700d-02)
$end
$term-5
 eigenvalue=(0.67147362d-02,-0.84362973d-01)
 eigenvector=(-0.86450722d+03,-0.87326975d+03,-0.45905254d+03,0.48974435d+03,
               0.80252425d+02,-0.10444398d+03,0.29238734d+03,0.50809793d+02,
               0.22660590d+01,0.20407354d+02,-0.10056466d+03,-0.35038756d+02,
              -0.10168850d+01,-0.25338266d+01,0.68482162d+01,0.27351544d+01,
               0.83415012d+01,0.47534206d+01,0.91518270d-01,0.17765178d+00,
              -0.23094367d+00,-0.48208728d-01,-0.10894762d+01,-0.75404697d+00,
              -0.37388172d-02,-0.63764142d-02,0.88460910d-03,-0.39079533d-02,
               0.39511527d-01,0.29763729d-01,0.24563975d-01,0.18855994d-01,
               0.56328864d-04,0.90480818d-04,0.12068466d-03,0.14464698d-03,
              -0.64689616d-03,-0.48164267d-03,-0.88393596d-03,-0.68786025d-03)
$end
$term-6
 eigenvalue=(0.82865828d-01,-0.12407114d+00)
 eigenvector=(0.91534509d+04,0.64896888d+03,-0.56465274d+04,-0.17047682d+04,
              0.84812483d+03,0.44320644d+03,0.76474771d+03,0.41938917d+03,
             -0.77019590d+02,-0.57833038d+02,-0.20079534d+03,-0.15658810d+03,
              0.47472842d+01,0.45265096d+01,0.15155990d+02,0.15273838d+02,
              0.11466208d+02,0.11434268d+02,-0.19688228d+00,-0.21158660d+00,
             -0.72232198d+00,-0.85698136d+00,-0.14077887d+01,-0.16572847d+01,
              0.50828726d-02,0.55425238d-02,0.19604578d-01,0.23965630d-01,
              0.49277280d-01,0.65943754d-01,0.30099226d-01,0.36099873d-01,
             -0.65586939d-04,-0.65624398d-04,-0.20376738d-03,-0.21792325d-03,
             -0.78459023d-03,-0.11201147d-02,-0.10634873d-02,-0.12678528d-02)
$end
$term-7
 eigenvalue=(0.19230621d+00,-0.14915093d+00)
 eigenvector=(-0.80469083d+02,-0.22791071d+03,-0.19846192d+03,0.18820307d+03,
              -0.37013728d+02,-0.44326129d+02,0.92169008d+02,-0.14775334d+02,
               0.36547881d+01,0.16130909d+01,-0.57300858d+01,0.11903932d+02,
               0.50682854d+00,0.19274982d+00,0.57961269d+00,0.85049810d+00,
              -0.19559711d+01,-0.34188315d+01,-0.15621854d-01,0.14813466d-01,
              -0.33529078d+00,-0.38146549d+00,0.49657480d+00,0.64202502d+00,
              -0.12823327d-02,-0.21917413d-02,0.17044739d-01,0.19168839d-01,
               0.11055086d-01,0.10360200d-01,-0.37000199d-01,-0.45636038d-01,
               0.35088047d-04,0.47267996d-04,-0.13140901d-03,-0.17527316d-03,
              -0.10392554d-02,-0.11304121d-02,0.14357607d-02,0.17844176d-02)
$end
$term-8
 eigenvalue=(0.25124930d+00,-0.18103764d+00)
 eigenvector=(-0.24204938d+03,0.36971894d+03,-0.12022982d+04,-0.49343547d+03,
               0.13519390d+03,0.53009820d+02,0.49673184d+03,0.28248586d+03,
               0.30352004d+01,0.10268879d+02,-0.14798395d+03,-0.11373878d+03,
              -0.17846858d+01,-0.25675416d+01,0.10453219d+02,0.95282127d+01,
               0.10528283d+02,0.10442521d+02,0.14978171d+00,0.21036977d+00,
              -0.32595139d+00,-0.32960689d+00,-0.13891949d+01,-0.15643245d+01,
              -0.57683729d-02,-0.79157242d-02,0.33371712d-02,0.41388499d-02,
               0.37975585d-01,0.43984210d-01,0.38997477d-01,0.47655750d-01,
               0.97251125d-04,0.11898420d-03,-0.28322395d-04,-0.51505359d-04,
              -0.23190435d-03,-0.22974883d-03,-0.14309572d-02,-0.17352906d-02)
$end
$term-9
 eigenvalue=(0.43705121d+00,-0.26328709d+00)
 eigenvector=(-0.12810538d+05,-0.20790788d+04,0.78200760d+04,0.30704972d+04,
              -0.11552335d+04,-0.71718410d+03,-0.10616018d+04,-0.67762446d+03,
               0.99519260d+02,0.86165171d+02,0.27860098d+03,0.24308577d+03,
              -0.56780813d+01,-0.62292572d+01,-0.20148751d+02,-0.22029304d+02,
              -0.16280835d+02,-0.17762321d+02,0.21740863d+00,0.27654857d+00,
               0.88533040d+00,0.10962299d+01,0.19644797d+01,0.24676448d+01,
              -0.53700477d-02,-0.70778645d-02,-0.21143425d-01,-0.27070211d-01,
              -0.65597932d-01,-0.86839324d-01,-0.41908860d-01,-0.54745883d-01,
               0.65446988d-04,0.78587659d-04,0.20398401d-03,0.25663597d-03,
               0.91480652d-03,0.11649355d-02,0.14618208d-02,0.18549605d-02)
$end
$term-10
 eigenvalue=(0.65212525d+00,-0.32595176d+00)
 eigenvector=(-0.21901012d+04,-0.66656268d+03,0.21285781d+04,0.75812250d+03,
              -0.13148616d+03,-0.12603250d+03,-0.49934742d+03,-0.24201181d+03,
               0.12636980d+02,0.15584407d+02,0.84947017d+02,0.70016788d+02,
              -0.10512055d+01,-0.92588079d+00,-0.89887393d+01,-0.10466445d+02,
               0.72284634d+00,0.28352719d+00,0.12585325d-01,-0.26173399d-01,
               0.78008976d+00,0.10159028d+01,-0.22027637d+00,-0.16935008d+00,
               0.25335322d-02,0.44977170d-02,-0.35159679d-01,-0.45594554d-01,
              -0.38500760d-02,-0.92605823d-02,0.15692829d-01,0.19267588d-01,
              -0.96636728d-04,-0.11726067d-03,0.65407137d-03,0.78314943d-03,
               0.28698703d-03,0.38303167d-03,-0.52432302d-03,-0.61092716d-03)
$end
$term-11
 eigenvalue=(0.80785390d+00,-0.38902787d+00)
 eigenvector=(-0.33350118d+03,0.76630883d+03,-0.14189148d+04,-0.94652565d+03,
              0.18321765d+03,0.11057859d+03,0.58282680d+03,0.43378740d+03,
              0.45995689d+01,0.14227367d+02,-0.18190721d+03,-0.16883321d+03,
             -0.26704593d+01,-0.37143766d+01,0.12025968d+02,0.12087189d+02,
              0.14044102d+02,0.16249082d+02,0.19471842d+00,0.26760329d+00,
             -0.18907860d+00,-0.17064185d+00,-0.18901151d+01,-0.23631308d+01,
             -0.64252003d-02,-0.85452873d-02,-0.50103947d-02,-0.69778336d-02,
              0.39443355d-01,0.48371375d-01,0.60032925d-01,0.79628565d-01,
              0.84366390d-04,0.99924989d-04,0.14292253d-03,0.18501452d-03,
             -0.63334405d-04,-0.77506700d-04,-0.20020932d-02,-0.25184223d-02)
$end
$term-12
 eigenvalue=(0.11883562d+01,-0.53801289d+00)
 eigenvector=(0.17524893d+05  0.40750914d+04,-0.10394584d+05 -0.48115902d+04,
              0.14636156d+04,0.10542937d+04,0.13667159d+04,0.95779624d+03,
             -0.12883579d+03,-0.12392077d+03,-0.33507046d+03,-0.32225608d+03,
              0.72849786d+01,0.87503770d+01,0.25475730d+02,0.29161112d+02,
              0.17079483d+02,0.20859460d+02,-0.28328712d+00,-0.37759452d+00,
             -0.11334497d+01,-0.14594807d+01,-0.20946129d+01,-0.27769962d+01,
              0.65572825d-02,0.86194133d-02,0.32357907d-01,0.42925230d-01,
              0.56487379d-01,0.75896127d-01,0.52741218d-01,0.70770253d-01,
             -0.55658492d-04,-0.71083415d-04,-0.49467950d-03,-0.59615574d-03,
             -0.51188188d-03,-0.67532908d-03,-0.17489432d-02,-0.22098101d-02)
$end
$term-13
 eigenvalue=(0.15608854d+01,-0.65769269d+00)
 eigenvector=(0.15818217d+04,0.60760216d+03,-0.15703907d+04,-0.93625252d+03,
              0.33391943d+03,0.15910303d+03,0.34422823d+03,0.31572532d+03,
             -0.57260729d+01,0.10521676d+01,-0.14164794d+03,-0.12744859d+03,
             -0.46368424d+00,-0.13660300d+01,0.43914437d+01,0.54872604d+01,
              0.14745394d+02,0.15054203d+02,0.77037098d-01,0.11230141d+00,
             -0.52050071d-01,0.66780369d-01,-0.14730683d+01,-0.18599865d+01,
             -0.23145175d-02,-0.19511901d-02,-0.16616845d-01,-0.29356310d-01,
              0.83021363d-01,0.10770677d+00,0.84199510d-03,0.26620280d-02,
             -0.34237830d-04,-0.43809269d-04,0.82013144d-03,0.10282929d-02,
             -0.20911091d-02,-0.24888498d-02,0.14892545d-04,-0.19008014d-04)
$end
$term-14
 eigenvalue=(0.20275289d+01,-0.82822286d+00)
 eigenvector=(-0.29036511d+04,-0.14427058d+04,0.29931911d+04,0.16094335d+04,
              -0.20503433d+03,-0.21525407d+03,-0.71354795d+03,-0.49681759d+03,
               0.12722144d+02,0.19220268d+02,0.13301297d+03,0.13998030d+03,
              -0.11419770d+01,-0.42381792d+00,-0.11147252d+02,-0.16955745d+02,
              -0.18981963d+01,-0.29391779d+01,-0.14232078d-01,-0.11222085d+00,
               0.99942812d+00,0.14177843d+01,-0.98715207d-01,0.19741319d+00,
               0.45542752d-02,0.78468105d-02,-0.38238281d-01,-0.48162875d-01,
              -0.34207358d-01,-0.54852643d-01,0.34907272d-01,0.36056999d-01,
              -0.91434676d-04,-0.12108439d-03,0.30597065d-03,0.33891187d-03,
               0.16170190d-02,0.20421537d-02,-0.12922134d-02,-0.13312562d-02)
$end
$term-15
 eigenvalue=(0.23540534d+01,-0.93870563d+00)
 eigenvector=(0.91031476d+02,0.96522202d+03,-0.22176586d+04,-0.14232862d+04,
              0.28344440d+03,0.14998307d+03,0.80561776d+03,0.64233092d+03,
              0.38721693d+01,0.21754047d+02,-0.24416602d+03,-0.23505118d+03,
             -0.30867102d+01,-0.50587449d+01,0.15241119d+02,0.15650991d+02,
              0.18422062d+02,0.21458064d+02,0.23659782d+00,0.34380250d+00,
             -0.28294258d+00,-0.18964376d+00,-0.23316714d+01,-0.29292912d+01,
             -0.71201900d-02,-0.94478176d-02,-0.80535546d-02,-0.15202022d-01,
              0.57389610d-01,0.70052190d-01,0.64590041d-01,0.84052865d-01,
              0.87765564d-04,0.10177386d-03,0.17715716d-03,0.24537094d-03,
             -0.10488544d-03,0.31824640d-04,-0.22906523d-02,-0.28866769d-02)
$end
$term-16
 eigenvalue=(0.32056064d+01,-0.12376809d+01)
 eigenvector=(0.22285367d+05  0.70887209d+04,-0.13019783d+05 -0.71271730d+04,
              0.17755490d+04,0.14348350d+04,0.17037985d+04,0.13210342d+04,
             -0.15073126d+03,-0.16132189d+03,-0.40757030d+03,-0.41571926d+03,
              0.85688218d+01,0.10794276d+02,0.29663666d+02,0.36835309d+02,
              0.20423179d+02,0.24542724d+02,-0.30986249d+00,-0.41848394d+00,
             -0.13935067d+01,-0.18796867d+01,-0.23295470d+01,-0.30927165d+01,
              0.65102710d-02,0.87746594d-02,0.36603406d-01,0.48667255d-01,
              0.78902985d-01,0.10562720d+00,0.43437247d-01,0.57678118d-01,
             -0.61441164d-04,-0.77440578d-04,-0.39877243d-03,-0.49256870d-03,
             -0.11351750d-02,-0.14019863d-02,-0.14464406d-02,-0.18082195d-02)
$end
$term-17
 eigenvalue=(0.53491582d+01,-0.19802851d+01)
 eigenvector=(0.19384052d+04,0.12713820d+04,-0.19132771d+04,-0.16201033d+04,
              0.39673592d+03,0.27060644d+03,0.40975296d+03,0.49810393d+03,
             -0.17977639d+02,0.56867690d+01,-0.16263061d+03,-0.19589955d+03,
             -0.21986295d+01,-0.30370321d+01,0.99579476d+01,0.75714020d+01,
              0.15945163d+02,0.22880899d+02,0.97102318d-01,0.10211156d+00,
              0.47582198d+00,0.77369313d+00,-0.24565727d+01,-0.32013557d+01,
             -0.18368826d-03,-0.30230473d-03,-0.25299639d-01,-0.30759115d-01,
             -0.64645748d-02,-0.15899070d-01,0.11763686d+00,0.15469712d+00,
              0.65072216d-06  0.14091342d-05  0.25044434d-04,0.36766942d-04,
              0.18988789d-02,0.22922851d-02,-0.36530180d-02,-0.44263735d-02)
$end
$term-18
 eigenvalue=(0.75256148d+01,-0.27480997d+01)
 eigenvector=(0.34424736d+04,0.23717469d+04,-0.36952715d+04,-0.29082245d+04,
              0.63768683d+03,0.41230343d+03,0.85138392d+03,0.91119570d+03,
             -0.13036616d+02,0.84552657d+01,-0.29400752d+03,-0.32379348d+03,
             -0.19665558d+01,-0.38070288d+01,0.12999185d+02,0.14511388d+02,
              0.26372420d+02,0.32729495d+02,0.16313049d+00,0.23162325d+00,
             -0.11014663d-01,0.17458335d+00,-0.29522726d+01,-0.39041522d+01,
             -0.38450115d-02,-0.45013982d-02,-0.23818345d-01,-0.36487425d-01,
              0.92293365d-01,0.12064034d+00,0.56401668d-01,0.72999124d-01,
              0.36679322d-06  0.24852139d-05  0.69042025d-03,0.84610496d-03,
             -0.12403183d-02,-0.15029672d-02,-0.17655440d-02,-0.21109031d-02)
$end
$term-19
 eigenvalue=(0.97634998d+01,-0.35198342d+01)
 eigenvector=(0.89702863d+04,0.41071492d+04,-0.77709485d+04,-0.45907662d+04,
              0.85809948d+03,0.64732608d+03,0.16155677d+04,0.12976249d+04,
             -0.51381158d+02,-0.36178136d+02,-0.38145010d+03,-0.39037879d+03,
              0.10738951d+01,-0.73007781d+00,0.27526605d+02,0.32862042d+02,
              0.18716204d+02,0.22165818d+02,0.70546081d-01,0.19858608d+00,
             -0.12537696d+01,-0.15981639d+01,-0.21079859d+01,-0.26613863d+01,
             -0.53688725d-02,-0.92122297d-02,0.33306661d-01,0.41778176d-01,
              0.65608914d-01,0.81644036d-01,0.40764470d-01,0.50713246d-01,
              0.10654266d-03,0.13994199d-03,-0.38999008d-03,-0.45033938d-03,
             -0.87084329d-03,-0.10006136d-02,-0.12788405d-02,-0.14721450d-02)
$end
$term-20
 eigenvalue=(0.12393608d+02,-0.41701951d+01)
 eigenvector=(0.23840814d+05  0.90385513d+04,-0.12990264d+05 -0.81808492d+04,
              0.17936738d+04,0.15905912d+04,0.14923179d+04,0.13366973d+04,
             -0.15679958d+03,-0.17707420d+03,-0.34770529d+03,-0.39760054d+03,
              0.93319500d+01,0.12176237d+02,0.24922810d+02,0.33225556d+02,
              0.16820170d+02,0.22509696d+02,-0.37393771d+00,-0.51019705d+00,
             -0.11365412d+01,-0.16096625d+01,-0.18855481d+01,-0.26996626d+01,
              0.90765575d-02,0.11840154d-01,0.30412416d-01,0.41976968d-01,
              0.58966892d-01,0.83030741d-01,0.36423756d-01,0.51588169d-01,
             -0.98969111d-04,-0.11518932d-03,-0.35953450d-03,-0.45136153d-03,
             -0.79132922d-03,-0.10228073d-02,-0.11516066d-02,-0.15069038d-02)
$end
