  0.00000        1.000000000         1.000000000         0.000000000         0.000000000         0.000000000     
 0.100000E-02    1.000000000        0.9996938873        0.2444157688E-003   0.4789690584E-004   0.1380002536E-004
 0.200000E-02    1.000000000        0.9992461853        0.6363039426E-003   0.9486535642E-004   0.2264541662E-004
 0.300000E-02    1.000000000        0.9988165362        0.1029331472E-002   0.1270231303E-003   0.2710919295E-004
 0.400000E-02    1.000000000        0.9984323800        0.1389738462E-002   0.1484498701E-003   0.2943169301E-004
 0.500000E-02    1.000000000        0.9980966037        0.1709966193E-002   0.1627603131E-003   0.3066974843E-004
 0.600000E-02    1.000000000        0.9978055167        0.1990771761E-002   0.1723748558E-003   0.3133671085E-004
 0.700000E-02    1.000000000        0.9975538186        0.2235624166E-002   0.1788628582E-003   0.3169442383E-004
 0.800000E-02    1.000000000        0.9973361907        0.2448680686E-002   0.1832466818E-003   0.3188192158E-004
 0.900000E-02    1.000000000        0.9971478052        0.2634018759E-002   0.1862007119E-003   0.3197532373E-004
 0.100000E-01    1.000000000        0.9969844505        0.2795356500E-002   0.1881758084E-003   0.3201722119E-004
 0.110000E-01    1.000000000        0.9968425171        0.2935973945E-002   0.1894771496E-003   0.3203176304E-004
 0.120000E-01    1.000000000        0.9967189364        0.3058717387E-002   0.1903135366E-003   0.3203270219E-004
 0.130000E-01    1.000000000        0.9966111069        0.3166036169E-002   0.1908291126E-003   0.3202782303E-004
 0.140000E-01    1.000000000        0.9965168249        0.3260029591E-002   0.1911240952E-003   0.3202144150E-004
 0.150000E-01    1.000000000        0.9964342215        0.3342494138E-002   0.1912685297E-003   0.3201584626E-004
 0.160000E-01    1.000000000        0.9963617093        0.3414967018E-002   0.1913115382E-003   0.3201214285E-004
 0.170000E-01    1.000000000        0.9962979370        0.3478764608E-002   0.1912876161E-003   0.3201075393E-004
 0.180000E-01    1.000000000        0.9962417516        0.3535015670E-002   0.1912209660E-003   0.3201171782E-004
 0.190000E-01    1.000000000        0.9961921669        0.3584689680E-002   0.1911285090E-003   0.3201486693E-004
 0.200000E-01    1.000000000        0.9961483372        0.3628620831E-002   0.1910219957E-003   0.3201993399E-004
 0.210000E-01    1.000000000        0.9961095356        0.3667528300E-002   0.1909094964E-003   0.3202661451E-004
 0.220000E-01    1.000000000        0.9960751356        0.3702033335E-002   0.1907964596E-003   0.3203460244E-004
 0.230000E-01    1.000000000        0.9960445963        0.3732673654E-002   0.1906864685E-003   0.3204360974E-004
 0.240000E-01    1.000000000        0.9960174492        0.3759915595E-002   0.1905817825E-003   0.3205337602E-004
 0.250000E-01    1.000000000        0.9959932882        0.3784164374E-002   0.1904837274E-003   0.3206367237E-004
 0.260000E-01    1.000000000        0.9959717600        0.3805772766E-002   0.1903929765E-003   0.3207430169E-004
 0.270000E-01    1.000000000        0.9959525567        0.3825048456E-002   0.1903097528E-003   0.3208509719E-004
 0.280000E-01    1.000000000        0.9959354098        0.3842260286E-002   0.1902339751E-003   0.3209591988E-004
 0.290000E-01    1.000000000        0.9959200844        0.3857643565E-002   0.1901653629E-003   0.3210665564E-004
 0.300000E-01    1.000000000        0.9959063747        0.3871404601E-002   0.1901035114E-003   0.3211721220E-004
 0.310000E-01    1.000000000        0.9958941000        0.3883724570E-002   0.1900479445E-003   0.3212751622E-004
 0.320000E-01    1.000000000        0.9958831015        0.3894762826E-002   0.1899981528E-003   0.3213751064E-004
 0.330000E-01    1.000000000        0.9958732395        0.3904659748E-002   0.1899536190E-003   0.3214715223E-004
 0.340000E-01    1.000000000        0.9958643906        0.3913539175E-002   0.1899138361E-003   0.3215640941E-004
 0.350000E-01    1.000000000        0.9958564459        0.3921510518E-002   0.1898783181E-003   0.3216526037E-004
 0.360000E-01    1.000000000        0.9958493091        0.3928670568E-002   0.1898466080E-003   0.3217369140E-004
 0.370000E-01    1.000000000        0.9958428950        0.3935105070E-002   0.1898182811E-003   0.3218169550E-004
 0.380000E-01    1.000000000        0.9958371277        0.3940890080E-002   0.1897929472E-003   0.3218927111E-004
 0.390000E-01    1.000000000        0.9958319402        0.3946093142E-002   0.1897702507E-003   0.3219642112E-004
 0.400000E-01    1.000000000        0.9958272727        0.3950774316E-002   0.1897498701E-003   0.3220315196E-004
 0.410000E-01    1.000000000        0.9958230719        0.3954987069E-002   0.1897315160E-003   0.3220947284E-004
 0.420000E-01    1.000000000        0.9958192906        0.3958779051E-002   0.1897149298E-003   0.3221539516E-004
 0.430000E-01    1.000000000        0.9958158864        0.3962192774E-002   0.1896998810E-003   0.3222093194E-004
 0.440000E-01    1.000000000        0.9958128215        0.3965266209E-002   0.1896861654E-003   0.3222609743E-004
 0.450000E-01    1.000000000        0.9958100622        0.3968033302E-002   0.1896736028E-003   0.3223090668E-004
 0.460000E-01    1.000000000        0.9958075782        0.3970524435E-002   0.1896620345E-003   0.3223537530E-004
 0.470000E-01    1.000000000        0.9958053423        0.3972766820E-002   0.1896513214E-003   0.3223951916E-004
 0.480000E-01    1.000000000        0.9958033304        0.3974784858E-002   0.1896413422E-003   0.3224335425E-004
 0.490000E-01    1.000000000        0.9958015207        0.3976600447E-002   0.1896319912E-003   0.3224689645E-004
 0.500000E-01    1.000000000        0.9957998934        0.3978233255E-002   0.1896231767E-003   0.3225016143E-004
 0.510000E-01    1.000000000        0.9957984311        0.3979700963E-002   0.1896148195E-003   0.3225316456E-004
 0.520000E-01    1.000000000        0.9957971178        0.3981019475E-002   0.1896068514E-003   0.3225592079E-004
 0.530000E-01    1.000000000        0.9957959392        0.3982203115E-002   0.1895992141E-003   0.3225844462E-004
 0.540000E-01    1.000000000        0.9957948826        0.3983264786E-002   0.1895918577E-003   0.3226075007E-004
 0.550000E-01    1.000000000        0.9957939363        0.3984216123E-002   0.1895847398E-003   0.3226285060E-004
 0.560000E-01    1.000000000        0.9957930898        0.3985067625E-002   0.1895778249E-003   0.3226475910E-004
 0.570000E-01    1.000000000        0.9957923337        0.3985828771E-002   0.1895710827E-003   0.3226648793E-004
 0.580000E-01    1.000000000        0.9957916593        0.3986508126E-002   0.1895644883E-003   0.3226804883E-004
 0.590000E-01    1.000000000        0.9957910591        0.3987113433E-002   0.1895580211E-003   0.3226945301E-004
 0.600000E-01    1.000000000        0.9957905259        0.3987651694E-002   0.1895516639E-003   0.3227071110E-004
 0.610000E-01    1.000000000        0.9957900535        0.3988129249E-002   0.1895454032E-003   0.3227183315E-004
 0.620000E-01    1.000000000        0.9957896361        0.3988551837E-002   0.1895392279E-003   0.3227282870E-004
 0.630000E-01    1.000000000        0.9957892685        0.3988924660E-002   0.1895331293E-003   0.3227370674E-004
 0.640000E-01    1.000000000        0.9957889460        0.3989252431E-002   0.1895271007E-003   0.3227447578E-004
 0.650000E-01    1.000000000        0.9957886643        0.3989539424E-002   0.1895211374E-003   0.3227514380E-004
 0.660000E-01    1.000000000        0.9957884195        0.3989789519E-002   0.1895152356E-003   0.3227571834E-004
 0.670000E-01    1.000000000        0.9957882082        0.3990006235E-002   0.1895093930E-003   0.3227620647E-004
 0.680000E-01    1.000000000        0.9957880270        0.3990192767E-002   0.1895036082E-003   0.3227661483E-004
 0.690000E-01    1.000000000        0.9957878732        0.3990352018E-002   0.1894978806E-003   0.3227694965E-004
 0.700000E-01    1.000000000        0.9957877439        0.3990486625E-002   0.1894922103E-003   0.3227721677E-004
 0.710000E-01    1.000000000        0.9957876370        0.3990598984E-002   0.1894865978E-003   0.3227742167E-004
 0.720000E-01    1.000000000        0.9957875501        0.3990691273E-002   0.1894810440E-003   0.3227756944E-004
 0.730000E-01    1.000000000        0.9957874813        0.3990765472E-002   0.1894755502E-003   0.3227766488E-004
 0.740000E-01    1.000000000        0.9957874288        0.3990823383E-002   0.1894701178E-003   0.3227771245E-004
 0.750000E-01    1.000000000        0.9957873909        0.3990866642E-002   0.1894647484E-003   0.3227771631E-004
 0.760000E-01    1.000000000        0.9957873661        0.3990896739E-002   0.1894594437E-003   0.3227768035E-004
 0.770000E-01    1.000000000        0.9957873532        0.3990915029E-002   0.1894542055E-003   0.3227760819E-004
 0.780000E-01    1.000000000        0.9957873507        0.3990922745E-002   0.1894490355E-003   0.3227750319E-004
 0.790000E-01    1.000000000        0.9957873577        0.3990921008E-002   0.1894439354E-003   0.3227736849E-004
 0.800000E-01    1.000000000        0.9957873730        0.3990910838E-002   0.1894389067E-003   0.3227720700E-004
 0.810000E-01    1.000000000        0.9957873959        0.3990893163E-002   0.1894339510E-003   0.3227702143E-004
 0.820000E-01    1.000000000        0.9957874253        0.3990868826E-002   0.1894290699E-003   0.3227681429E-004
 0.830000E-01    1.000000000        0.9957874606        0.3990838594E-002   0.1894242645E-003   0.3227658791E-004
 0.840000E-01    1.000000000        0.9957875010        0.3990803165E-002   0.1894195361E-003   0.3227634445E-004
 0.850000E-01    1.000000000        0.9957875459        0.3990763173E-002   0.1894148857E-003   0.3227608590E-004
 0.860000E-01    1.000000000        0.9957875947        0.3990719193E-002   0.1894103144E-003   0.3227581411E-004
 0.870000E-01    1.000000000        0.9957876469        0.3990671748E-002   0.1894058229E-003   0.3227553078E-004
 0.880000E-01    1.000000000        0.9957877020        0.3990621312E-002   0.1894014118E-003   0.3227523751E-004
 0.890000E-01    1.000000000        0.9957877597        0.3990568317E-002   0.1893970817E-003   0.3227493573E-004
 0.900000E-01    1.000000000        0.9957878194        0.3990513153E-002   0.1893928330E-003   0.3227462679E-004
 0.910000E-01    1.000000000        0.9957878808        0.3990456173E-002   0.1893886660E-003   0.3227431192E-004
 0.920000E-01    1.000000000        0.9957879437        0.3990397697E-002   0.1893845807E-003   0.3227399225E-004
 0.930000E-01    1.000000000        0.9957880077        0.3990338016E-002   0.1893805773E-003   0.3227366882E-004
 0.940000E-01    1.000000000        0.9957880726        0.3990277390E-002   0.1893766556E-003   0.3227334259E-004
 0.950000E-01    1.000000000        0.9957881381        0.3990216057E-002   0.1893728155E-003   0.3227301442E-004
 0.960000E-01    1.000000000        0.9957882040        0.3990154228E-002   0.1893690566E-003   0.3227268513E-004
 0.970000E-01    1.000000000        0.9957882702        0.3990092095E-002   0.1893653785E-003   0.3227235542E-004
 0.980000E-01    1.000000000        0.9957883364        0.3990029830E-002   0.1893617808E-003   0.3227202597E-004
 0.990000E-01    1.000000000        0.9957884025        0.3989967588E-002   0.1893582629E-003   0.3227169738E-004
 0.100000E+00    1.000000000        0.9957884683        0.3989905508E-002   0.1893548241E-003   0.3227137020E-004
 0.101000        1.000000000        0.9957885338        0.3989843711E-002   0.1893514637E-003   0.3227104491E-004
 0.102000        1.000000000        0.9957885988        0.3989782309E-002   0.1893481809E-003   0.3227072197E-004
 0.103000        1.000000000        0.9957886632        0.3989721399E-002   0.1893449748E-003   0.3227040177E-004
 0.104000        1.000000000        0.9957887270        0.3989661067E-002   0.1893418446E-003   0.3227008468E-004
 0.105000        1.000000000        0.9957887901        0.3989601389E-002   0.1893387892E-003   0.3226977102E-004
 0.106000        1.000000000        0.9957888523        0.3989542433E-002   0.1893358078E-003   0.3226946106E-004
 0.107000        1.000000000        0.9957889137        0.3989484256E-002   0.1893328992E-003   0.3226915507E-004
 0.108000        1.000000000        0.9957889742        0.3989426909E-002   0.1893300623E-003   0.3226885327E-004
 0.109000        1.000000000        0.9957890337        0.3989370435E-002   0.1893272960E-003   0.3226855584E-004
 0.110000        1.000000000        0.9957890923        0.3989314872E-002   0.1893245993E-003   0.3226826297E-004
 0.111000        1.000000000        0.9957891498        0.3989260251E-002   0.1893219708E-003   0.3226797479E-004
 0.112000        1.000000000        0.9957892063        0.3989206598E-002   0.1893194096E-003   0.3226769142E-004
 0.113000        1.000000000        0.9957892617        0.3989153934E-002   0.1893169142E-003   0.3226741297E-004
 0.114000        1.000000000        0.9957893161        0.3989102276E-002   0.1893144836E-003   0.3226713952E-004
 0.115000        1.000000000        0.9957893694        0.3989051636E-002   0.1893121164E-003   0.3226687113E-004
 0.116000        1.000000000        0.9957894216        0.3989002025E-002   0.1893098116E-003   0.3226660787E-004
 0.117000        1.000000000        0.9957894726        0.3988953447E-002   0.1893075677E-003   0.3226634976E-004
 0.118000        1.000000000        0.9957895226        0.3988905908E-002   0.1893053837E-003   0.3226609682E-004
 0.119000        1.000000000        0.9957895715        0.3988859405E-002   0.1893032581E-003   0.3226584908E-004
 0.120000        1.000000000        0.9957896193        0.3988813940E-002   0.1893011899E-003   0.3226560652E-004
 0.121000        1.000000000        0.9957896659        0.3988769506E-002   0.1892991778E-003   0.3226536914E-004
 0.122000        1.000000000        0.9957897115        0.3988726099E-002   0.1892972205E-003   0.3226513693E-004
 0.123000        1.000000000        0.9957897561        0.3988683712E-002   0.1892953168E-003   0.3226490985E-004
 0.124000        1.000000000        0.9957897995        0.3988642334E-002   0.1892934656E-003   0.3226468787E-004
 0.125000        1.000000000        0.9957898419        0.3988601957E-002   0.1892916655E-003   0.3226447096E-004
 0.126000        1.000000000        0.9957898833        0.3988562569E-002   0.1892899155E-003   0.3226425905E-004
 0.127000        1.000000000        0.9957899236        0.3988524157E-002   0.1892882143E-003   0.3226405211E-004
 0.128000        1.000000000        0.9957899629        0.3988486708E-002   0.1892865608E-003   0.3226385008E-004
 0.129000        1.000000000        0.9957900012        0.3988450208E-002   0.1892849538E-003   0.3226365290E-004
 0.130000        1.000000000        0.9957900385        0.3988414642E-002   0.1892833923E-003   0.3226346049E-004
 0.131000        1.000000000        0.9957900749        0.3988379995E-002   0.1892818750E-003   0.3226327280E-004
 0.132000        1.000000000        0.9957901103        0.3988346252E-002   0.1892804008E-003   0.3226308975E-004
 0.133000        1.000000000        0.9957901447        0.3988313395E-002   0.1892789688E-003   0.3226291128E-004
 0.134000        1.000000000        0.9957901783        0.3988281410E-002   0.1892775778E-003   0.3226273730E-004
 0.135000        1.000000000        0.9957902109        0.3988250278E-002   0.1892762268E-003   0.3226256774E-004
 0.136000        1.000000000        0.9957902427        0.3988219983E-002   0.1892749147E-003   0.3226240252E-004
 0.137000        1.000000000        0.9957902736        0.3988190508E-002   0.1892736406E-003   0.3226224157E-004
 0.138000        1.000000000        0.9957903037        0.3988161836E-002   0.1892724034E-003   0.3226208479E-004
 0.139000        1.000000000        0.9957903329        0.3988133950E-002   0.1892712022E-003   0.3226193212E-004
 0.140000        1.000000000        0.9957903613        0.3988106832E-002   0.1892700361E-003   0.3226178347E-004
 0.141000        1.000000000        0.9957903890        0.3988080466E-002   0.1892689040E-003   0.3226163876E-004
 0.142000        1.000000000        0.9957904159        0.3988054834E-002   0.1892678051E-003   0.3226149790E-004
 0.143000        1.000000000        0.9957904420        0.3988029919E-002   0.1892667384E-003   0.3226136082E-004
 0.144000        1.000000000        0.9957904674        0.3988005705E-002   0.1892657032E-003   0.3226122743E-004
 0.145000        1.000000000        0.9957904920        0.3987982175E-002   0.1892646985E-003   0.3226109766E-004
 0.146000        1.000000000        0.9957905160        0.3987959312E-002   0.1892637236E-003   0.3226097142E-004
 0.147000        1.000000000        0.9957905393        0.3987937101E-002   0.1892627775E-003   0.3226084864E-004
 0.148000        1.000000000        0.9957905619        0.3987915524E-002   0.1892618595E-003   0.3226072923E-004
 0.149000        1.000000000        0.9957905839        0.3987894566E-002   0.1892609688E-003   0.3226061311E-004
 0.150000        1.000000000        0.9957906052        0.3987874212E-002   0.1892601046E-003   0.3226050021E-004
 0.151000        1.000000000        0.9957906259        0.3987854445E-002   0.1892592663E-003   0.3226039045E-004
 0.152000        1.000000000        0.9957906460        0.3987835252E-002   0.1892584530E-003   0.3226028376E-004
 0.153000        1.000000000        0.9957906655        0.3987816617E-002   0.1892576641E-003   0.3226018006E-004
 0.154000        1.000000000        0.9957906845        0.3987798524E-002   0.1892568989E-003   0.3226007928E-004
 0.155000        1.000000000        0.9957907029        0.3987780961E-002   0.1892561566E-003   0.3225998134E-004
 0.156000        1.000000000        0.9957907208        0.3987763913E-002   0.1892554367E-003   0.3225988618E-004
 0.157000        1.000000000        0.9957907381        0.3987747366E-002   0.1892547385E-003   0.3225979372E-004
 0.158000        1.000000000        0.9957907549        0.3987731306E-002   0.1892540613E-003   0.3225970389E-004
 0.159000        1.000000000        0.9957907713        0.3987715721E-002   0.1892534046E-003   0.3225961664E-004
 0.160000        1.000000000        0.9957907871        0.3987700597E-002   0.1892527678E-003   0.3225953188E-004
 0.161000        1.000000000        0.9957908025        0.3987685921E-002   0.1892521503E-003   0.3225944956E-004
 0.162000        1.000000000        0.9957908174        0.3987671682E-002   0.1892515515E-003   0.3225936961E-004
 0.163000        1.000000000        0.9957908319        0.3987657867E-002   0.1892509709E-003   0.3225929197E-004
 0.164000        1.000000000        0.9957908459        0.3987644464E-002   0.1892504080E-003   0.3225921658E-004
 0.165000        1.000000000        0.9957908595        0.3987631462E-002   0.1892498621E-003   0.3225914338E-004
 0.166000        1.000000000        0.9957908727        0.3987618850E-002   0.1892493329E-003   0.3225907230E-004
 0.167000        1.000000000        0.9957908856        0.3987606616E-002   0.1892488199E-003   0.3225900330E-004
 0.168000        1.000000000        0.9957908980        0.3987594749E-002   0.1892483225E-003   0.3225893631E-004
 0.169000        1.000000000        0.9957909100        0.3987583240E-002   0.1892478403E-003   0.3225887129E-004
 0.170000        1.000000000        0.9957909217        0.3987572077E-002   0.1892473729E-003   0.3225880817E-004
 0.171000        1.000000000        0.9957909331        0.3987561252E-002   0.1892469198E-003   0.3225874690E-004
